hindu
14.0
27.0
7.0
5.0
14.0
0.0
32.0
87.0
36.0
16.0
15.0
4.0
32.0
17.0
hindustan times
46.0
50.0
15.0
13.0
43.0
0.0
92.0
269.0
131.0
99.0
26.0
3.0
73.0
22.0
times of india
452.0
469.0
82.0
144.0
237.0
4.0
710.0
2266.0
1043.0
531.0
201.0
42.0
506.0
198.0
telegraph
9.0
6.0
0.0
0.0
15.0
0.0
23.0
59.0
38.0
9.0
3.0
3.0
4.0
5.0
new indian express
8.0
8.0
4.0
0.0
7.0
0.0
18.0
57.0
23.0
16.0
10.0
3.0
12.0
12.0
indian express
24.0
26.0
9.0
6.0
25.0
2.0
55.0
315.0
114.0
26.0
24.0
1.0
19.0
10.0
deccan herald
1.0
3.0
0.0
0.0
0.0
0.0
1.0
7.0
2.0
0.0
0.0
0.0
2.0
0.0
